   43.6672 1    43.7167 1    194.767 1
   44.0869 1     43.763 1    126.962 1
   44.1516 1    44.1722 1    162.946 1
   44.2773 1    44.1685 1    176.545 1
   43.5221 1    42.5721 1    86.9732 1
     42.77 1     43.057 1    14.5997 1
   43.7838 1    43.8183 1    51.8689 1
   43.7464 1    44.1112 1    181.091 1
   43.7402 1    44.3174 1    210.605 1
   43.5476 1    43.4315 1    203.915 1
   43.8108 1    43.7239 0    153.632 1
   43.0817 1    42.8576 1    160.649 1
   43.5877 1     43.847 1    81.0025 1
   44.0563 1    44.3079 1    158.426 1
   43.1777 1    42.7633 0    199.338 1
   42.9459 1    42.5708 1    48.6777 1
    44.239 1    43.9027 1     69.325 1
   43.8909 1    44.5707 1    154.097 1
   44.2624 1    44.0379 1    148.819 1
   43.6803 1    44.2147 1    208.499 1
    43.667 1    44.5706 1      181.1 1
   43.8304 1    43.5907 0     128.77 1
   43.9521 1    43.2565 1    127.781 1
    44.021 1    43.4702 1    207.582 1
   43.6885 1    43.5364 1     172.46 1
   43.9066 1    42.9089 1    163.588 1
   43.5154 1     43.775 1    187.311 1
   43.6682 1    42.5972 1    172.006 1
   43.7398 1    44.2184 1    173.004 1
   43.5127 1    43.5901 1    162.946 1
   44.1263 1    43.7934 1     104.34 1
   43.8058 1    43.6456 1    144.674 1
   43.4352 1    43.6215 1    158.629 1
   43.0778 1    43.4342 1     120.94 1
   43.2358 1     42.839 1    100.404 1
   43.9935 1    44.1991 1    122.493 1
   42.7771 1    42.3044 1    184.687 1
   43.3339 1    43.0932 1    52.8199 1
   44.0881 1    43.0025 1    102.267 1
    43.715 1    42.9679 0    206.207 1
    44.166 1    44.5979 1    166.114 1
   43.6568 1    43.5371 1    197.541 1
   44.0055 1    43.1567 1    164.706 1
   44.0007 1    44.2101 1     135.92 1
   42.7369 1    43.3477 1    185.643 1
   43.7508 1    43.5723 1     44.263 1
   43.8262 1    44.5958 1    176.627 1
   43.2995 1    42.8966 1    163.484 1
   43.1233 1    43.1266 1    111.918 1
   43.5026 1    43.9465 1    62.3563 1
   43.5021 1    43.7442 1    115.869 1
   42.0134 1    41.7566 1    109.125 1
   43.1462 1    43.2012 0    65.6589 1
   43.6024 1    43.9197 1    55.7055 1
   43.6069 1    43.6591 1    169.816 1
   43.9461 1    43.5977 1    131.321 1
   43.9014 1    43.8518 1    143.612 1
   43.5292 1    43.6668 1    180.386 1
   43.3851 1    43.3398 1    97.7851 1
   43.2963 1    42.9401 1    105.423 1
   44.0815 1     43.787 1    91.7928 1
   44.2383 1    44.2325 1    93.1593 1
   43.5155 1    42.9262 1       3.57 1
    43.155 1    43.6848 1    118.321 1
   43.2984 1    43.4324 1     93.031 1
   43.4047 1    43.3168 1    121.953 1
   43.1325 1    42.7338 1    144.898 1
   43.7797 1    43.8577 1    111.843 1
   43.7661 1    44.3764 1    194.767 1
    43.472 1    43.1116 1     205.29 1
   43.7477 1    44.3139 1    104.313 1
    43.256 1    43.4794 1    128.707 1
   43.4012 1    43.8522 1    75.9803 1
   43.9221 1    44.0838 1    108.236 1
   42.3272 1    42.6158 0     211.45 1
   42.2903 1    42.6863 0         22 1
   43.3377 1    43.1888 1    120.792 1
   43.1975 1    43.8139 1    78.5981 1
   43.6464 1    44.0817 1    57.4837 1
   44.0334 1    43.3486 1    178.913 1
   42.7211 1    42.9576 1    39.4381 1
   43.1688 1    43.0255 0    73.8393 1
   44.2416 1    44.2023 1    163.439 1
   43.9749 1    43.6695 1     192.62 1
   43.9531 1    43.9155 1    214.224 1
   43.6345 1    43.8841 1    213.503 1
   44.1589 1    43.8607 1    201.626 1
   43.9116 1    44.4781 1    178.795 1
   43.1233 1    43.4539 0    111.785 1
    43.964 1    43.8254 1    147.319 1
   43.9997 1    43.6758 1    110.134 1
   43.2249 1    43.8438 1    65.0454 1
   43.2338 1    43.3198 1    53.8106 1
   43.5721 1    43.9387 1    124.517 1
   42.8143 1    43.5616 1    53.6666 1
   43.4068 1    43.5007 1    108.907 1
   43.2639 1    42.7669 1     70.646 1
   43.4457 1    43.6113 1    97.7142 1
    43.309 1    43.8059 1    104.193 1
   43.6367 1    43.3305 1    160.016 1
   43.0579 1    42.7031 1    102.578 1
   43.7228 1    44.3208 1    108.458 1
   42.7319 1     42.919 1    55.4304 1
   44.1287 1    43.9472 1    109.231 1
   43.3422 1     43.625 1    113.445 1
   43.6955 1    44.0067 1    150.787 1
   43.6582 1    43.1784 0     97.537 1
   43.3367 1    42.5584 0    115.557 1
   43.3217 1    43.3397 1    62.7065 1
   43.6003 1    44.5266 0    114.871 1
   43.7555 1    43.2166 0    186.003 1
    43.389 1    43.6898 1    121.404 1
   43.0925 1    43.2444 1    70.6197 1
   43.6821 1      43.25 1    154.006 1
   43.8232 1    44.3411 1    138.513 1
   43.7013 1    42.9922 1    94.9955 1
   43.1099 1    44.2813 1    87.0659 1
   43.2612 1    44.0154 1    61.3846 1
   44.4119 1    44.6322 1    208.573 1
   43.7263 1    43.7726 1    117.473 1
   42.6614 1    43.6198 1    51.6595 1
   43.0964 1    43.2938 1    73.5185 1
   42.1913 1    42.4506 1       25.5 1
   43.3866 1    43.5591 0    127.991 1
   43.8531 1     43.943 1    194.936 1
   44.2275 1    44.4007 1    69.6058 1
   43.2189 1    44.0345 1    70.5143 1
   43.4387 1     43.498 1    73.3427 1
   43.3207 1    44.2548 1    49.0263 1
   42.9599 1    42.9515 1    60.6058 1
   43.5492 1    43.3027 0    162.851 1
   43.6167 1    43.8073 1    150.607 1
   43.3909 1     44.451 1    127.602 1
   44.0191 1    44.0778 1    211.831 1
    43.853 1    44.4801 1    168.198 1
   43.8163 1    44.0935 1    77.6255 1
   44.0182 1    44.4494 1    217.686 1
   44.2155 1    44.4677 1    144.903 1
   43.8383 1    43.8931 1    151.657 1
   43.7154 1    43.3804 1    167.745 1
    43.389 1    43.5569 1    99.3227 1
   43.6484 1    44.0681 1    189.212 1
   43.6515 1    43.6371 0    157.974 1
   44.4684 1     43.444 1    218.606 1
   44.1097 1    43.8432 1    161.476 1
   43.7645 1    43.4019 1    140.673 1
   43.9357 1    44.3553 1    122.341 1
   41.1843 1    42.4036 0       7.61 1
   43.2329 1    44.0246 0     74.626 1
   43.3752 1    43.9032 1    55.4566 1
   43.6216 1    43.5836 0    68.9037 1
   43.4382 1    43.9287 1    85.4022 1
   43.9841 1    44.0148 1    81.7515 1
   43.5288 1    43.4274 0    114.871 1
   43.4693 1    43.9296 0    98.9415 1
   43.4707 1    43.0922 1    81.9894 1
   42.9675 1    43.5698 1    72.6705 1
   43.3311 1    42.9834 0    143.055 1
   43.3106 1    42.9501 1    160.016 1
   44.1043 1    44.5371 1    124.517 1
   43.7332 1    43.4961 1    203.915 1
   43.5266 1    44.0282 1    71.7437 1
    43.184 1     43.709 1    36.5817 1
   42.6725 1    41.8621 0    33.3858 1
   43.2485 1    42.7829 1    130.918 1
   43.5529 1    43.7517 1    103.621 1
   43.0509 1    43.1563 1    109.009 1
   43.2132 1    43.0643 0     151.36 1
   43.5847 1    44.0573 1    126.962 1
   42.8585 1    42.6104 1    141.976 1
    43.218 1    43.2816 1    60.1683 1
   43.6364 1    43.6385 1    158.222 1
   43.7655 1     43.803 1    100.316 1
   43.4025 1    43.7496 1    68.0264 1
   43.9934 1    44.0101 1    113.045 1
   43.2754 1    44.2613 1    92.8408 1
   43.5095 1    43.6379 1    89.1104 1
   42.9279 1    43.2363 1    159.564 1
   43.3912 1    43.6945 1    147.499 1
   43.4645 1    43.8658 1    128.103 1
   44.1439 1    43.9162 1     187.63 1
   43.3479 1     44.075 1    58.4016 1
   42.9921 1     42.724 1    85.0316 1
   43.7611 1    43.9504 1    159.036 1
   42.5264 1    43.4514 1    47.8936 1
   43.4737 1    43.2329 1    105.658 1
   42.9084 1    42.6746 1    91.4569 1
   43.9231 1    44.1331 1    133.458 1
   43.6715 1    43.8374 1    129.544 1
   43.4479 1    44.0155 1    112.617 1
      43.9 1    43.8321 1     65.133 1
   43.1736 1    42.1501 1    64.3882 1
    42.959 1    43.3609 1    75.4526 1
   43.9052 1    43.8235 1    143.806 1
   43.6789 1    44.3705 1    166.232 1
   43.4522 1    42.6292 1    102.165 1
   44.4212 1    44.4378 1    151.193 1
   43.4244 1    43.7981 1    115.289 1
   43.2584 1    43.5674 1     117.95 1
   43.6864 1    44.0152 1    81.7382 1
   43.7168 1    44.4975 1    156.394 1
   43.5932 1    43.8419 1    190.508 1
   43.8133 1    44.3149 1    128.009 1
   43.6073 1     42.913 1    156.823 1
   43.4284 1    43.7703 0    130.171 1
   42.9102 1    43.8234 1    55.9239 1
   43.7176 1    44.1881 1    96.6512 1
   43.7721 1    44.5711 1    137.961 1
   44.0403 1    44.3604 1    160.333 1
   43.3114 1    43.0146 0    110.584 1
   44.7711 1    44.3875 1    207.857 1
   43.9849 1    44.4433 1    220.603 1
    42.124 1    42.7179 1       19.4 1
    42.942 1    43.5418 1    62.6496 1
   42.6685 1    43.4353 1    47.2098 1
   43.1817 1    43.6343 1    58.8388 1
   42.3963 1    44.0951 0         18 1
    43.686 1     43.099 1       35.6 1
   43.7292 1    43.6081 1    96.8284 1
   41.9607 1    42.5092 1       23.8 1
    43.402 1    43.3476 1    114.978 1
   42.5081 1    43.5771 0       31.6 1
   42.9624 1    42.8734 0    62.8948 1
   42.4213 1    43.5545 0       25.8 1
   43.0229 1    43.4195 1       32.5 1
   42.9635 1    43.1401 1       26.4 1
   43.3429 1    43.8533 1    46.0908 1
     42.96 1    43.6448 1      54.09 1
   43.1922 1    43.3543 1     76.055 1
   43.3322 1    43.3411 1       38.9 1
   41.6275 1    41.9376 0       17.1 1
    43.508 1    43.8589 1       38.5 1
    42.539 1    42.7596 0         40 1
   42.1422 1     42.962 0       17.1 1
   41.9907 1    43.7526 0       17.1 1
    41.836 1    41.7194 0       13.8 1
   42.9091 1    43.0623 1       11.2 1
   42.2974 1    42.6689 0       31.5 1
    42.587 1    42.2446 1       31.5 1
   42.8079 1    44.0242 1    50.8397 1
   42.9728 1    43.0034 1       16.8 1
   43.7687 1    44.0656 1     51.001 1
   42.9316 1     43.212 0    100.715 1
   42.8221 1    43.1244 1    63.3633 1
   42.7767 1    43.4555 1    44.7851 1
   41.6821 1    42.3587 1         14 1
   43.8879 1    43.5459 1    109.734 1
   41.3554 1    43.2788 1       18.5 1
   43.5402 1    43.6891 0    140.148 1
   43.2461 1    43.2352 0     84.961 1
   43.2259 1    43.1585 0    94.7476 1
   44.1428 1    43.5379 1    100.134 1
   43.7182 1    43.6912 1    82.9899 1
   41.6574 1    41.4246 1       16.5 1
   42.3417 1    42.4946 0       30.9 1
   43.1341 1    43.5508 1       21.7 1
   43.7194 1    43.7992 1    74.5293 1
   43.0925 1     43.936 1     73.268 1
   43.3558 1    43.3806 0    108.818 1
   43.5731 1    43.3341 1    159.429 1
   42.8156 1    43.0263 1       24.8 1
   42.6589 1    43.4675 0       43.5 1
   43.8019 1    44.2892 1    109.988 1
   41.7699 1    43.6285 0       15.6 1
    43.995 1    45.2166 0    106.813 1
   42.3112 1    43.0836 1       13.1 1
   43.4894 1    44.2524 1    115.766 1
    42.652 1    42.9592 0         22 1
   43.4237 1    43.5162 1    64.4758 1
   43.3723 1    42.8993 0       33.9 1
   42.0261 1    42.5473 1       14.5 1
   42.0888 1     42.658 0       26.5 1
   43.6031 1    44.6736 1    70.7602 1
   42.3845 1    43.9336 1       31.5 1
   42.5294 1    43.8469 0       18.7 1
   44.0032 1    44.1428 1    129.307 1
   43.0015 1    43.9858 0    74.3711 1
   43.5227 1    43.5533 1    58.8694 1
   43.5787 1     44.164 1    72.2312 1
   44.1443 1    44.6653 1    190.854 1
   43.7926 1    43.2366 1    185.643 1
   43.6722 1     44.056 1    219.526 1
    43.827 1    42.9597 1     130.99 1
   43.8797 1    43.2747 1    211.161 1
   43.2584 1    43.7155 1    63.6699 1
   42.9422 1    43.4934 0    71.2783 1
   43.6864 1    43.3279 0    94.2874 1
    42.569 1    43.0929 1    55.2251 1
   43.1511 1     42.779 1    74.2963 1
    42.981 1    43.3119 1     68.544 1
   43.2694 1    43.6639 1    89.5831 1
   44.4445 1    42.2325 1        292 1
   43.2777 1    43.4829 1    109.111 1
   43.7249 1    44.2161 1    160.925 1
   43.4715 1    43.4978 1    127.633 1
   43.8831 1    43.7779 1    182.024 1
   43.4972 1    43.8203 1    123.713 1
   43.0977 1    43.4081 0     73.725 1
   43.1333 1    42.8847 0    75.7164 1
   43.6021 1    43.2892 1    143.554 1
    43.649 1    44.2451 1    182.602 1
   43.8035 1    43.5827 1    106.591 1
   43.4762 1    43.0809 1     78.158 1
   43.0941 1    43.4431 1    69.3688 1
   43.2485 1    43.2669 1    67.7764 1
   43.7737 1    43.2248 1     152.23 1
