   43.6672 1    43.7171 1    194.767 1
   44.0869 1    43.7562 1    126.962 1
   44.1516 1    44.1676 1    162.946 1
   44.2773 1    44.0493 1    176.545 1
   43.5221 1    42.5915 1    86.9732 1
     42.77 1    43.0552 1    51.8689 1
   43.7838 1    44.0038 1    181.091 1
   43.7464 1    44.1012 1    210.605 1
   43.7402 1    44.3155 1    203.915 1
   43.5476 1    43.4348 1    153.632 1
   43.8108 1    43.7121 0    160.649 1
   43.0817 1    42.8464 1    81.0025 1
   43.5877 1    43.8812 1    158.426 1
   44.0563 1    44.3115 1    199.338 1
   43.1777 1    42.7419 0    48.6777 1
   42.9459 1    42.5759 1     69.325 1
    44.239 1    43.9041 1    154.097 1
   43.8909 1    44.4666 1    148.819 1
   44.2624 1     43.941 1    208.499 1
   43.6803 1    44.3331 1      181.1 1
    43.667 1    44.4642 1     128.77 1
   43.8304 1      43.59 0    127.781 1
   43.9521 1    43.2429 1    207.582 1
    44.021 1    43.4231 1     172.46 1
   43.6885 1    43.5528 1    163.588 1
   43.9066 1    42.8967 1    187.311 1
   43.5154 1    43.7739 1    172.006 1
   43.6682 1    42.6309 1    173.004 1
   43.7398 1    44.2212 1    162.946 1
   43.5127 1    43.6026 1     104.34 1
   44.1263 1    43.7908 1    144.674 1
   43.8058 1    43.6535 1    158.629 1
   43.4352 1     43.644 1     120.94 1
   43.0778 1    43.4219 1    100.404 1
   43.2358 1     42.844 1    122.493 1
   43.9935 1    44.2033 1    184.687 1
   42.7771 1     42.319 1    52.8199 1
   43.3339 1    43.0948 1    102.267 1
   44.0881 1    43.0155 1    206.207 1
    43.715 1    42.9732 0    166.114 1
    44.166 1     44.601 1    197.541 1
   43.6568 1    43.5493 1    164.706 1
   44.0055 1    43.2645 1     135.92 1
   44.0007 1    44.2095 1    185.643 1
   42.7369 1    43.3547 1     44.263 1
   43.7508 1    43.5728 1    176.627 1
   43.8262 1    44.5962 1    163.484 1
   43.2995 1    42.8792 1    111.918 1
   43.1233 1    42.9723 1    62.3563 1
   43.5026 1    44.0211 1    115.869 1
   43.5021 1    43.7445 1    109.125 1
   44.0593 1    43.7443 1    153.912 1
   43.1462 1    43.2544 0    65.6589 1
   43.6024 1    43.8097 1    55.7055 1
   43.6069 1    43.6625 1    169.816 1
   43.9461 1    43.5844 1    131.321 1
   43.9014 1    43.8483 1    180.386 1
   43.5292 1    43.6697 1    97.7851 1
   43.3851 1    43.3347 1    105.423 1
   43.2963 1    42.9464 1    91.7928 1
   44.0815 1    43.8226 1    93.1593 1
   44.2383 1     44.241 1    143.612 1
   43.5155 1      42.93 1    118.321 1
    43.155 1    43.6919 1     93.031 1
   43.2984 1    43.4315 1    121.953 1
   43.4047 1    43.3148 1    144.898 1
   43.1325 1    42.7433 1    111.843 1
   43.7797 1    43.8527 1    194.767 1
   43.7661 1    44.3447 1     205.29 1
    43.472 1    43.1122 1    104.313 1
   43.7477 1    44.3169 1    128.707 1
    43.256 1    43.4792 1    75.9803 1
   43.4012 1    43.8498 1    108.236 1
   43.9221 1    44.0838 1     211.45 1
   42.3272 1    42.6987 0       3.57 1
   42.2903 1    42.6871 0         22 1
   43.3377 1    43.1871 1    120.792 1
   43.1975 1    43.8104 1    78.5981 1
   43.6464 1    44.0851 1    57.4837 1
   44.0334 1    43.3478 1    178.913 1
   42.7211 1    42.9727 1    39.4381 1
   43.1688 1    43.0191 0    73.8393 1
   44.2416 1     44.211 1    163.439 1
   43.9749 1    43.6714 1     192.62 1
   43.9531 1    43.9071 1    214.224 1
   43.6345 1    43.8732 1    213.503 1
   44.1589 1     43.862 1    201.626 1
   43.9116 1     44.475 1    178.795 1
   43.1233 1    43.4158 0    111.785 1
    43.964 1    43.8234 1    147.319 1
   43.9997 1     43.682 1    110.134 1
   43.2249 1    43.8528 1    65.0454 1
   43.2338 1    43.3308 1    53.8106 1
   43.5721 1    43.9256 1    124.517 1
   42.8143 1    43.5587 1    53.6666 1
   43.4068 1    43.5001 1    108.907 1
   43.2639 1    42.7585 1     70.646 1
   43.4457 1    43.6065 1    97.7142 1
    43.309 1    43.7131 1    104.193 1
   43.6367 1    43.3362 1    160.016 1
   43.0579 1    42.7003 1    102.578 1
   43.7228 1    44.3212 1    108.458 1
   42.7319 1     42.929 1    55.4304 1
   44.1287 1     43.901 1    109.231 1
   43.3422 1    43.6253 1    113.445 1
   43.6955 1    44.0043 1    150.787 1
   43.6582 1     43.203 0     97.537 1
   43.3367 1    42.5592 0    115.557 1
   43.3217 1     43.335 1    62.7065 1
   43.6003 1    44.5352 0    114.871 1
   43.7555 1    43.2268 0    186.003 1
    43.389 1    43.5535 1    121.404 1
   43.0925 1    43.2416 1    70.6197 1
   43.6821 1    43.2403 1    154.006 1
   43.8232 1    44.3381 1    138.513 1
   43.7013 1    43.0017 1    94.9955 1
   43.1099 1    44.2825 1    87.0659 1
   43.2612 1     44.019 1    61.3846 1
   44.4119 1    44.6264 1    208.573 1
   43.7263 1    43.7653 1    117.473 1
   42.6614 1    43.5825 0    51.6595 1
   43.0964 1    43.3068 1    73.5185 1
   42.1913 1    42.0645 0       25.5 1
   43.3866 1    43.5594 0    127.991 1
   43.8531 1    43.9446 1    194.936 1
   44.2275 1    44.4009 1    69.6058 1
   43.2189 1    44.0041 1    70.5143 1
   43.4387 1    43.4976 1    73.3427 1
   43.3207 1    44.2606 1    49.0263 1
   42.9599 1    42.9619 1    60.6058 1
   43.5492 1    43.3951 0    162.851 1
   43.6167 1    43.8112 1    150.607 1
   43.3909 1     44.449 1    127.602 1
   44.0191 1     44.059 1    211.831 1
    43.853 1    44.4866 1    168.198 1
   43.8163 1    44.0902 1    77.6255 1
   44.0182 1    44.4495 1    217.686 1
   44.2155 1    44.4662 1    144.903 1
   43.8383 1    43.8922 1    151.657 1
   43.7154 1    43.3834 1    167.745 1
    43.389 1    43.5541 1    99.3227 1
   43.6484 1    44.0731 1    189.212 1
   43.6515 1    43.6586 0    157.974 1
   44.4684 1    43.4459 1    218.606 1
   44.1097 1     43.842 1    161.476 1
   43.7645 1    43.4053 1    140.673 1
   43.9357 1     44.346 1    122.341 1
   41.1843 1    42.4326 0       7.61 1
   43.2329 1    43.4763 0    103.621 1
   43.3752 1    43.9055 1    109.009 1
   43.6216 1    43.4958 0     151.36 1
   43.4382 1    43.8426 1    126.962 1
   43.9841 1     44.012 1    141.976 1
   43.5288 1    43.4251 0    60.1683 1
   43.4693 1     43.942 0    158.222 1
   43.4707 1    43.0907 1    100.316 1
   42.9675 1    43.5686 1    68.0264 1
   43.3311 1    42.9824 0    113.045 1
   43.3106 1    42.6013 1    92.8408 1
   44.1043 1    44.5344 1    89.1104 1
   43.7332 1    43.3701 1    159.564 1
   43.5266 1    44.0366 1    147.499 1
    43.184 1    43.5876 0     74.626 1
   42.6725 1    41.8375 0    55.4566 1
   43.2485 1    42.7936 1    68.9037 1
   43.5529 1    43.7517 1    85.4022 1
   43.0509 1    43.1843 1    81.7515 1
   43.2132 1    42.8371 0    114.871 1
   43.5847 1     44.056 1    98.9415 1
   42.8585 1    42.6685 1    81.9894 1
    43.218 1    43.2816 1    72.6705 1
   43.6364 1    43.6384 1    143.055 1
   43.7655 1    43.8041 1    160.016 1
   43.4025 1    43.7411 1    124.517 1
   43.9934 1     44.011 1    203.915 1
   43.2754 1    44.2589 1    71.7437 1
   43.5095 1    43.6334 1    36.5817 1
   42.9279 1    43.2358 1    33.3858 1
   43.3912 1    43.6922 1    130.918 1
   43.4645 1     43.798 1    128.103 1
   44.1439 1    43.9184 1     187.63 1
   43.3479 1    44.0705 1    58.4016 1
   42.9921 1    42.7248 1    85.0316 1
   43.7611 1    43.9532 1    159.036 1
   42.5264 1    42.8189 1    47.8936 1
   43.4737 1    43.2277 1    105.658 1
   42.9084 1    42.6634 1    91.4569 1
   43.9231 1    44.1339 1    133.458 1
   43.6715 1      43.84 1    129.544 1
   43.4479 1    44.0135 1    112.617 1
      43.9 1    43.8369 1     65.133 1
   43.1736 1      42.14 1    64.3882 1
    42.959 1     43.363 1    75.4526 1
   43.9052 1    43.8231 1    143.806 1
   43.6789 1     44.368 1    166.232 1
   43.4522 1    42.6623 1    102.165 1
   44.4212 1    44.4336 1    151.193 1
   43.4244 1    43.7962 1    115.289 1
   43.2584 1    43.5742 1     117.95 1
   43.6864 1    44.0155 1    81.7382 1
   43.7168 1    44.4848 1    156.394 1
   43.5932 1     43.838 1    190.508 1
   43.8133 1    44.3097 1    128.009 1
   43.6073 1    43.0611 1    156.823 1
   43.4284 1    43.7911 0    130.171 1
   42.9102 1    43.8221 1    55.9239 1
   43.7176 1     44.193 1    96.6512 1
   43.7721 1    44.5711 1    137.961 1
   44.0403 1    44.3586 1    160.333 1
   43.3114 1    43.0267 0    110.584 1
   44.7711 1    44.3894 1    207.857 1
   43.9849 1    44.4494 1    220.603 1
    42.124 1    42.7149 1       19.4 1
    42.942 1    43.5379 1    62.6496 1
   42.6685 1    43.4602 1    47.2098 1
   43.1817 1    43.6997 1    58.8388 1
   42.3963 1    44.1139 0         18 1
    43.686 1    43.1169 1       35.6 1
   43.7292 1    43.6252 1    96.8284 1
   41.9607 1    42.2418 0       23.8 1
    43.402 1    43.3471 1    114.978 1
   42.5081 1    43.5511 0       31.6 1
   42.9624 1    42.8457 0    62.8948 1
   42.4213 1    43.5552 0       25.8 1
   43.0229 1    43.4221 1       32.5 1
   42.9635 1    43.1555 1       26.4 1
   43.3429 1    43.8479 1    46.0908 1
     42.96 1    43.6429 1      54.09 1
   43.1922 1    43.3522 1     76.055 1
   43.3322 1    43.3373 1       38.9 1
   41.6275 1    41.8129 0       17.1 1
    43.508 1     43.858 1       38.5 1
    42.539 1    42.7282 0         40 1
   42.1422 1    42.9994 0       17.1 1
   41.9907 1    43.7017 0       17.1 1
    41.836 1    41.7223 0       13.8 1
   42.9091 1    43.0628 1       11.2 1
   42.2974 1    42.6696 0       31.5 1
    42.587 1    42.1478 1       31.5 1
   42.8079 1    44.0246 1    50.8397 1
   42.9728 1    43.0147 1       16.8 1
   43.7687 1    44.0631 1     51.001 1
   42.9316 1    43.2121 0    100.715 1
   42.8221 1    43.1315 1    63.3633 1
   42.7767 1    43.1533 0    44.7851 1
   41.6821 1    41.9916 1         14 1
   43.8879 1    43.4381 1    109.734 1
   41.3554 1    42.9732 0       18.5 1
   43.5402 1    43.6892 0    140.148 1
   43.2461 1     43.235 0     84.961 1
   43.2259 1    43.2059 0    94.7476 1
   44.1428 1     43.529 1    100.134 1
   43.7182 1    43.6891 1    82.9899 1
   41.6574 1    41.4427 1       16.5 1
   42.3417 1    42.4943 0       30.9 1
   43.1341 1    43.5487 1       21.7 1
   43.7194 1     43.798 1    74.5293 1
   43.0925 1    43.9406 1     73.268 1
   43.3558 1    43.3812 0    108.818 1
   43.5731 1    43.4512 1    159.429 1
   42.8156 1    43.2316 0       24.8 1
   42.6589 1    43.4171 0       43.5 1
   43.8019 1    44.2824 1    109.988 1
   41.7699 1    43.2218 1       15.6 1
    43.995 1    45.2213 0    106.813 1
   42.3112 1    43.0845 1       13.1 1
   43.4894 1    44.2505 1    115.766 1
    42.652 1    42.9353 0         22 1
   43.4237 1    43.5136 1    64.4758 1
   43.3723 1    42.9009 0       33.9 1
   42.0261 1    42.2532 1       14.5 1
   42.0888 1     42.376 0       26.5 1
   43.6031 1    44.6783 1    70.7602 1
   42.3845 1    43.9304 1       31.5 1
   42.5294 1    43.8713 0       18.7 1
   44.0032 1    44.1455 1    129.307 1
   43.0015 1    44.0587 0    74.3711 1
   43.5227 1    43.4115 1    58.8694 1
   43.5787 1     44.167 1    72.2312 1
   44.1443 1     44.667 1    190.854 1
   43.7926 1    43.2388 1    185.643 1
   43.6722 1    43.9402 1    219.526 1
    43.827 1    42.9559 1     130.99 1
   43.8797 1    43.4119 1    211.161 1
   43.2584 1    43.6026 1    63.6699 1
   42.9422 1    43.4922 0    71.2783 1
   43.6864 1    43.3175 0    94.2874 1
    42.569 1    43.1064 1    55.2251 1
   43.1511 1    42.7779 1    74.2963 1
    42.981 1    43.2638 1     68.544 1
   43.2694 1    43.6397 1    89.5831 1
   42.4073 1    42.2416 1    27.9778 1
   43.2777 1    43.5017 1    109.111 1
   43.7249 1    44.2327 1    160.925 1
   43.4715 1    43.5072 1    127.633 1
   43.8831 1    43.7948 1    182.024 1
   43.4972 1     43.819 1    123.713 1
   43.0977 1    43.4166 0     73.725 1
   43.1333 1    42.8303 0    75.7164 1
   43.6021 1    43.3076 1    143.554 1
    43.649 1    44.2383 1    182.602 1
   43.8035 1    43.5674 1    106.591 1
   43.4762 1    43.0708 1     78.158 1
   43.0941 1    43.4334 1    69.3688 1
   43.2485 1    43.1883 1    67.7764 1
   43.7737 1    43.2264 1     152.23 1
