# Symeonidis+16 intrinsic IR AGN SED
# Column 1: wavelength in microns
# Column 2: nuLnu in arbitrary units
# Columns 3 and 4: 68% confidence interval for intrinsic SED     
      0.4 	 11.10 	 11.17 	 11.02
      0.5 	 11.02 	 11.09 	 10.95
      0.6 	 11.02 	 11.09 	 10.94
      0.7 	 11.01 	 11.07 	 10.94
      0.8 	 10.93 	 10.98 	 10.86
      0.9 	 10.90 	 10.95 	 10.83
       1 	 10.87 	  10.93 	  10.81
       2 	 10.99 	  11.05 	  10.92
       3 	 11.04 	  11.10 	  10.95
       4 	 11.05 	  11.11 	  10.96
       5 	 11.02 	  11.08 	  10.93
       6 	 10.98 	  11.04 	  10.90
       7 	 10.96 	  11.02 	  10.88
       8 	 10.93 	  11.00 	  10.86
       9 	 10.91 	  10.98 	  10.84
      10 	 10.90 	  10.96 	  10.83
      11 	 10.89 	  10.95 	  10.82
      12 	 10.89 	  10.95 	  10.82
      13 	 10.90 	  10.96 	  10.83
      14 	 10.90 	  10.96 	  10.84
      15 	 10.91 	  10.97 	  10.84
      16 	 10.92 	  10.98 	  10.85
      17 	 10.93 	  10.98 	  10.86
      18 	 10.93 	  10.99 	  10.86
      19 	 10.94 	  11.00 	  10.87
      20 	 10.94 	  11.00 	  10.87
      21 	 10.94 	  11.00 	  10.87
      22 	 10.93 	  10.99 	  10.86
      23 	 10.92 	  10.98 	  10.85
      24 	 10.91 	  10.96 	  10.84
      25 	 10.89 	  10.95 	  10.82
      26 	 10.88 	  10.94 	  10.81
      27 	 10.87 	  10.93 	  10.80
      28 	 10.86 	  10.92 	  10.79
      29 	 10.85 	  10.91 	  10.78
      30 	 10.84 	  10.90 	  10.77
      31 	 10.83 	  10.89 	  10.76
      32 	 10.82 	  10.88 	  10.75
      33 	 10.81 	  10.87 	  10.74
      34 	 10.80 	  10.86 	  10.73
      35 	 10.79 	  10.85 	  10.72
      36 	 10.78 	  10.84 	  10.71
      37 	 10.78 	  10.83 	  10.70
      38 	 10.77 	  10.83 	  10.69
      39 	 10.76 	  10.82 	  10.68
      40 	 10.75 	  10.81 	  10.67
      41 	 10.74 	  10.80 	  10.66
      42 	 10.73 	  10.79 	  10.65
      43 	 10.72 	  10.79 	  10.65
      44 	 10.72 	  10.78 	  10.64
      45 	 10.71 	  10.77 	  10.63
      46 	 10.71 	  10.77 	  10.63
      47 	 10.70 	  10.76 	  10.62
      48 	 10.69 	  10.76 	  10.61
      49 	 10.69 	  10.75 	  10.61
      50 	 10.68 	  10.75 	  10.60
      51 	 10.68 	  10.74 	  10.59
      52 	 10.67 	  10.74 	  10.59
      53 	 10.66 	  10.73 	  10.58
      54 	 10.66 	  10.72 	  10.57
      55 	 10.65 	  10.72 	  10.56
      56 	 10.65 	  10.71 	  10.56
      57 	 10.64 	  10.70 	  10.55
      58 	 10.64 	  10.70 	  10.55
      59 	 10.63 	  10.69 	  10.54
      60 	 10.62 	  10.69 	  10.53
      61 	 10.62 	  10.69 	  10.53
      62 	 10.61 	  10.68 	  10.52
      63 	 10.61 	  10.68 	  10.52
      64 	 10.60 	  10.67 	  10.51
      65 	 10.60 	  10.67 	  10.51
      66 	 10.59 	  10.66 	  10.50
      67 	 10.59 	  10.66 	  10.49
      68 	 10.58 	  10.65 	  10.49
      69 	 10.58 	  10.65 	  10.48
      70 	 10.57 	  10.64 	  10.48
      71 	 10.57 	  10.64 	  10.47
      72 	 10.56 	  10.63 	  10.47
      73 	 10.56 	  10.63 	  10.46
      74 	 10.55 	  10.62 	  10.45
      75 	 10.55 	  10.62 	  10.45
      76 	 10.54 	  10.61 	  10.44
      77 	 10.54 	  10.61 	  10.44
      78 	 10.53 	  10.60 	  10.43
      79 	 10.53 	  10.60 	  10.43
      80 	 10.52 	  10.59 	  10.42
      81 	 10.51 	  10.59 	  10.41
      82 	 10.51 	  10.58 	  10.41
      83 	 10.50 	  10.58 	  10.40
      84 	 10.49 	  10.57 	  10.39
      85 	 10.49 	  10.57 	  10.38
      86 	 10.48 	  10.56 	  10.38
      87 	 10.47 	  10.55 	  10.37
      88 	 10.47 	  10.55 	  10.36
      89 	 10.46 	  10.54 	  10.35
      90 	 10.45 	  10.53 	  10.34
      91 	 10.45 	  10.53 	  10.33
      92 	 10.44 	  10.52 	  10.33
      93 	 10.43 	  10.52 	  10.32
      94 	 10.43 	  10.51 	  10.31
      95 	 10.42 	  10.50 	  10.31
      96 	 10.41 	  10.50 	  10.30
      97 	 10.41 	  10.49 	  10.29
      98 	 10.40 	  10.49 	  10.28
      99 	 10.39 	  10.48 	  10.28
     100 	 10.38 	  10.47 	  10.27
     101 	 10.38 	  10.47 	  10.26
     102 	 10.37 	  10.46 	  10.25
     103 	 10.36 	  10.45 	  10.24
     104 	 10.35 	  10.44 	  10.23
     105 	 10.34 	  10.44 	  10.22
     106 	 10.34 	  10.43 	  10.21
     107 	 10.33 	  10.42 	  10.20
     108 	 10.32 	  10.41 	  10.19
     109 	 10.31 	  10.40 	  10.18
     110 	 10.30 	  10.40 	  10.17
     111 	 10.29 	  10.39 	  10.16
     112 	 10.28 	  10.38 	  10.15
     113 	 10.27 	  10.37 	  10.14
     114 	 10.26 	  10.36 	  10.13
     115 	 10.25 	  10.35 	  10.12
     116 	 10.24 	  10.34 	  10.11
     117 	 10.24 	  10.34 	  10.11
     118 	 10.23 	  10.33 	  10.10
     119 	 10.22 	  10.32 	  10.09
     120 	 10.22 	  10.32 	  10.08
     121 	 10.21 	  10.31 	  10.08
     122 	 10.20 	  10.30 	  10.07
     123 	 10.20 	  10.30 	  10.06
     124 	 10.19 	  10.29 	  10.05
     125 	 10.18 	  10.28 	  10.04
     126 	 10.17 	  10.27 	  10.04
     127 	 10.17 	  10.27 	  10.03
     128 	 10.16 	  10.26 	  10.02
     129 	 10.15 	  10.25 	  10.01
     130 	 10.14 	  10.24 	  10.00
     131 	 10.13 	  10.24 	  9.99
     132 	 10.13 	  10.23 	  9.98
     133 	 10.12 	  10.22 	  9.98
     134 	 10.11 	  10.21 	  9.97
     135 	 10.10 	  10.21 	  9.96
     136 	 10.09 	  10.20 	  9.95
     137 	 10.09 	  10.19 	  9.94
     138 	 10.08 	  10.18 	  9.93
     139 	 10.07 	  10.17 	  9.92
     140 	 10.06 	  10.17 	  9.91
     141 	 10.05 	  10.16 	  9.91
     142 	 10.04 	  10.15 	  9.90
     143 	 10.04 	  10.14 	  9.89
     144 	 10.03 	  10.13 	  9.88
     145 	 10.02 	  10.12 	  9.87
     146 	 10.01 	  10.12 	  9.86
     147 	 10.00 	  10.11 	  9.85
     148 	 9.99 	  10.10 	  9.84
     149 	 9.98 	  10.09 	  9.83
     150 	 9.98 	  10.08 	  9.82
     151 	 9.97 	  10.08 	  9.82
     152 	 9.96 	  10.07 	  9.81
     153 	 9.96 	  10.06 	  9.80
     154 	 9.95 	  10.06 	  9.80
     155 	 9.94 	  10.05 	  9.79
     156 	 9.94 	  10.04 	  9.78
     157 	 9.93 	  10.04 	  9.78
     158 	 9.92 	  10.03 	  9.77
     159 	 9.92 	  10.02 	  9.76
     160 	 9.91 	  10.02 	  9.76
     161 	 9.90 	  10.01 	  9.75
     162 	 9.90 	  10.00 	  9.74
     163 	 9.89 	  10.00 	  9.73
     164 	 9.88 	  9.99 	  9.73
     165 	 9.87 	  9.98 	  9.72
     166 	 9.87 	  9.97 	  9.71
     167 	 9.86 	  9.97 	  9.70
     168 	 9.85 	  9.96 	  9.70
     169 	 9.85 	  9.95 	  9.69
     170 	 9.84 	  9.94 	  9.68
     171 	 9.83 	  9.94 	  9.67
     172 	 9.82 	  9.93 	  9.67
     173 	 9.82 	  9.92 	  9.66
     174 	 9.81 	  9.92 	  9.65
     175 	 9.80 	  9.91 	  9.64
     176 	 9.79 	  9.90 	  9.63
     177 	 9.79 	  9.89 	  9.63
     178 	 9.78 	  9.89 	  9.62
     179 	 9.77 	  9.88 	  9.61
     180 	 9.76 	  9.87 	  9.60
     181 	 9.76 	  9.86 	  9.59
     182 	 9.75 	  9.86 	  9.59
     183 	 9.74 	  9.85 	  9.58
     184 	 9.73 	  9.84 	  9.57
     185 	 9.72 	  9.83 	  9.56
     186 	 9.72 	  9.83 	  9.55
     187 	 9.71 	  9.82 	  9.55
     188 	 9.70 	  9.81 	  9.54
     189 	 9.69 	  9.80 	  9.53
     190 	 9.69 	  9.80 	  9.52
     191 	 9.68 	  9.79 	  9.51
     192 	 9.67 	  9.78 	  9.51
     193 	 9.67 	  9.78 	  9.50
     194 	 9.66 	  9.77 	  9.49
     195 	 9.66 	  9.76 	  9.49
     196 	 9.65 	  9.76 	  9.48
     197 	 9.64 	  9.75 	  9.48
     198 	 9.64 	  9.75 	  9.47
     199 	 9.63 	  9.74 	  9.47
     200 	 9.63 	  9.73 	  9.46
     201 	 9.62 	  9.73 	  9.45
     202 	 9.61 	  9.72 	  9.45
     203 	 9.61 	  9.71 	  9.44
     204 	 9.60 	  9.71 	  9.44
     205 	 9.60 	  9.70 	  9.43
     206 	 9.59 	  9.70 	  9.42
     207 	 9.58 	  9.69 	  9.42
     208 	 9.58 	  9.68 	  9.41
     209 	 9.57 	  9.68 	  9.41
     210 	 9.57 	  9.67 	  9.40
     211 	 9.56 	  9.67 	  9.39
     212 	 9.55 	  9.66 	  9.39
     213 	 9.55 	  9.65 	  9.38
     214 	 9.54 	  9.65 	  9.38
     215 	 9.54 	  9.64 	  9.37
     216 	 9.53 	  9.64 	  9.36
     217 	 9.52 	  9.63 	  9.36
     218 	 9.52 	  9.62 	  9.35
     219 	 9.51 	  9.62 	  9.35
     220 	 9.51 	  9.61 	  9.34
     221 	 9.50 	  9.61 	  9.33
     222 	 9.49 	  9.60 	  9.33
     223 	 9.49 	  9.59 	  9.32
     224 	 9.48 	  9.59 	  9.31
     225 	 9.48 	  9.58 	  9.31
     226 	 9.47 	  9.57 	  9.30
     227 	 9.46 	  9.57 	  9.29
     228 	 9.46 	  9.56 	  9.29
     229 	 9.45 	  9.56 	  9.28
     230 	 9.45 	  9.55 	  9.28
     231 	 9.44 	  9.54 	  9.27
     232 	 9.43 	  9.54 	  9.26
     233 	 9.43 	  9.53 	  9.26
     234 	 9.42 	  9.53 	  9.25
     235 	 9.42 	  9.52 	  9.24
     236 	 9.41 	  9.51 	  9.24
     237 	 9.40 	  9.51 	  9.23
     238 	 9.40 	  9.50 	  9.22
     239 	 9.39 	  9.50 	  9.22
     240 	 9.38 	  9.49 	  9.21
     241 	 9.38 	  9.48 	  9.20
     242 	 9.37 	  9.48 	  9.20
     243 	 9.37 	  9.47 	  9.19
     244 	 9.36 	  9.46 	  9.19
     245 	 9.35 	  9.46 	  9.18
     246 	 9.35 	  9.45 	  9.17
     247 	 9.34 	  9.45 	  9.17
     248 	 9.34 	  9.44 	  9.17
     249 	 9.34 	  9.44 	  9.16
     250 	 9.33 	  9.43 	  9.16
     251 	 9.33 	  9.43 	  9.15
     252 	 9.32 	  9.42 	  9.15
     253 	 9.32 	  9.42 	  9.14
     254 	 9.31 	  9.41 	  9.14
     255 	 9.31 	  9.41 	  9.13
     256 	 9.30 	  9.40 	  9.13
     257 	 9.30 	  9.40 	  9.12
     258 	 9.29 	  9.39 	  9.12
     259 	 9.29 	  9.39 	  9.11
     260 	 9.28 	  9.38 	  9.11
     261 	 9.28 	  9.38 	  9.10
     262 	 9.27 	  9.37 	  9.10
     263 	 9.27 	  9.37 	  9.10
     264 	 9.26 	  9.36 	  9.09
     265 	 9.26 	  9.36 	  9.09
     266 	 9.25 	  9.35 	  9.08
     267 	 9.25 	  9.35 	  9.08
     268 	 9.24 	  9.35 	  9.07
     269 	 9.24 	  9.34 	  9.07
     270 	 9.23 	  9.34 	  9.06
     271 	 9.23 	  9.33 	  9.06
     272 	 9.23 	  9.33 	  9.05
     273 	 9.22 	  9.32 	  9.05
     274 	 9.22 	  9.32 	  9.04
     275 	 9.21 	  9.31 	  9.04
     276 	 9.21 	  9.31 	  9.03
     277 	 9.20 	  9.30 	  9.03
     278 	 9.20 	  9.30 	  9.02
     279 	 9.19 	  9.29 	  9.02
     280 	 9.19 	  9.29 	  9.01
     281 	 9.18 	  9.28 	  9.01
     282 	 9.18 	  9.28 	  9.00
     283 	 9.17 	  9.27 	  9.00
     284 	 9.17 	  9.27 	  9.00
     285 	 9.16 	  9.26 	  8.99
     286 	 9.16 	  9.26 	  8.99
     287 	 9.15 	  9.25 	  8.98
     288 	 9.15 	  9.25 	  8.98
     289 	 9.14 	  9.24 	  8.97
     290 	 9.14 	  9.24 	  8.97
     291 	 9.13 	  9.23 	  8.96
     292 	 9.13 	  9.23 	  8.96
     293 	 9.13 	  9.22 	  8.95
     294 	 9.12 	  9.22 	  8.95
     295 	 9.12 	  9.21 	  8.94
     296 	 9.11 	  9.21 	  8.94
     297 	 9.11 	  9.20 	  8.93
     298 	 9.10 	  9.20 	  8.93
     299 	 9.10 	  9.19 	  8.92
     300 	 9.09 	  9.19 	  8.92
     301 	 9.09 	  9.18 	  8.91
     302 	 9.08 	  9.18 	  8.91
     303 	 9.08 	  9.17 	  8.90
     304 	 9.07 	  9.17 	  8.90
     305 	 9.07 	  9.16 	  8.89
     306 	 9.06 	  9.16 	  8.89
     307 	 9.06 	  9.15 	  8.89
     308 	 9.05 	  9.15 	  8.88
     309 	 9.05 	  9.14 	  8.88
     310 	 9.05 	  9.14 	  8.87
     311 	 9.04 	  9.14 	  8.87
     312 	 9.04 	  9.13 	  8.86
     313 	 9.03 	  9.13 	  8.86
     314 	 9.03 	  9.12 	  8.85
     315 	 9.02 	  9.12 	  8.85
     316 	 9.02 	  9.11 	  8.84
     317 	 9.02 	  9.11 	  8.84
     318 	 9.01 	  9.10 	  8.84
     319 	 9.01 	  9.10 	  8.83
     320 	 9.00 	  9.10 	  8.83
     321 	 9.00 	  9.09 	  8.82
     322 	 9.00 	  9.09 	  8.82
     323 	 8.99 	  9.08 	  8.82
     324 	 8.99 	  9.08 	  8.81
     325 	 8.98 	  9.08 	  8.81
     326 	 8.98 	  9.07 	  8.80
     327 	 8.98 	  9.07 	  8.80
     328 	 8.97 	  9.06 	  8.80
     329 	 8.97 	  9.06 	  8.79
     330 	 8.96 	  9.05 	  8.79
     331 	 8.96 	  9.05 	  8.79
     332 	 8.96 	  9.05 	  8.78
     333 	 8.95 	  9.04 	  8.78
     334 	 8.95 	  9.04 	  8.77
     335 	 8.94 	  9.03 	  8.77
     336 	 8.94 	  9.03 	  8.77
     337 	 8.94 	  9.03 	  8.76
     338 	 8.93 	  9.02 	  8.76
     339 	 8.93 	  9.02 	  8.75
     340 	 8.93 	  9.01 	  8.75
     341 	 8.92 	  9.01 	  8.75
     342 	 8.92 	  9.01 	  8.74
     343 	 8.91 	  9.00 	  8.74
     344 	 8.91 	  9.00 	  8.74
     345 	 8.91 	  8.99 	  8.73
     346 	 8.90 	  8.99 	  8.73
     347 	 8.90 	  8.99 	  8.72
     348 	 8.89 	  8.98 	  8.72
     349 	 8.89 	  8.98 	  8.72
     350 	 8.89 	  8.97 	  8.71
     351 	 8.88 	  8.97 	  8.71
     352 	 8.88 	  8.97 	  8.71
     353 	 8.88 	  8.96 	  8.70
     354 	 8.87 	  8.96 	  8.70
     355 	 8.87 	  8.95 	  8.69
     356 	 8.86 	  8.95 	  8.69
     357 	 8.86 	  8.95 	  8.69
     358 	 8.86 	  8.94 	  8.68
     359 	 8.85 	  8.94 	  8.68
     360 	 8.85 	  8.93 	  8.67
     361 	 8.84 	  8.93 	  8.67
     362 	 8.84 	  8.93 	  8.67
     363 	 8.84 	  8.92 	  8.66
     364 	 8.83 	  8.92 	  8.66
     365 	 8.83 	  8.91 	  8.66
     366 	 8.83 	  8.91 	  8.65
     367 	 8.82 	  8.91 	  8.65
     368 	 8.82 	  8.90 	  8.64
     369 	 8.81 	  8.90 	  8.64
     370 	 8.81 	  8.89 	  8.64
     371 	 8.81 	  8.89 	  8.63
     372 	 8.80 	  8.89 	  8.63
     373 	 8.80 	  8.88 	  8.63
     374 	 8.80 	  8.88 	  8.62
     375 	 8.79 	  8.87 	  8.62
     376 	 8.79 	  8.87 	  8.61
     377 	 8.78 	  8.87 	  8.61
     378 	 8.78 	  8.86 	  8.61
     379 	 8.78 	  8.86 	  8.60
     380 	 8.77 	  8.86 	  8.60
     381 	 8.77 	  8.85 	  8.59
     382 	 8.77 	  8.85 	  8.59
     383 	 8.76 	  8.84 	  8.59
     384 	 8.76 	  8.84 	  8.58
     385 	 8.76 	  8.84 	  8.58
     386 	 8.75 	  8.83 	  8.58
     387 	 8.75 	  8.83 	  8.57
     388 	 8.74 	  8.82 	  8.57
     389 	 8.74 	  8.82 	  8.56
     390 	 8.74 	  8.82 	  8.56
     391 	 8.73 	  8.81 	  8.56
     392 	 8.73 	  8.81 	  8.55
     393 	 8.73 	  8.80 	  8.55
     394 	 8.72 	  8.80 	  8.55
     395 	 8.72 	  8.80 	  8.54
     396 	 8.71 	  8.79 	  8.54
     397 	 8.71 	  8.79 	  8.53
     398 	 8.71 	  8.79 	  8.53
     399 	 8.70 	  8.78 	  8.53
     400 	 8.70 	  8.78 	  8.52
     401 	 8.70 	  8.78 	  8.52
     402 	 8.69 	  8.77 	  8.52
     403 	 8.69 	  8.77 	  8.51
     404 	 8.69 	  8.76 	  8.51
     405 	 8.68 	  8.76 	  8.51
     406 	 8.68 	  8.76 	  8.50
     407 	 8.68 	  8.75 	  8.50
     408 	 8.67 	  8.75 	  8.50
     409 	 8.67 	  8.75 	  8.49
     410 	 8.67 	  8.74 	  8.49
     411 	 8.66 	  8.74 	  8.49
     412 	 8.66 	  8.74 	  8.48
     413 	 8.66 	  8.73 	  8.48
     414 	 8.65 	  8.73 	  8.48
     415 	 8.65 	  8.73 	  8.47
     416 	 8.65 	  8.72 	  8.47
     417 	 8.64 	  8.72 	  8.47
     418 	 8.64 	  8.72 	  8.46
     419 	 8.64 	  8.71 	  8.46
     420 	 8.63 	  8.71 	  8.46
     421 	 8.63 	  8.71 	  8.45
     422 	 8.63 	  8.70 	  8.45
     423 	 8.62 	  8.70 	  8.45
     424 	 8.62 	  8.70 	  8.44
     425 	 8.62 	  8.69 	  8.44
     426 	 8.62 	  8.69 	  8.44
     427 	 8.61 	  8.69 	  8.43
     428 	 8.61 	  8.68 	  8.43
     429 	 8.61 	  8.68 	  8.43
     430 	 8.60 	  8.68 	  8.43
     431 	 8.60 	  8.67 	  8.42
     432 	 8.60 	  8.67 	  8.42
     433 	 8.59 	  8.67 	  8.42
     434 	 8.59 	  8.66 	  8.41
     435 	 8.59 	  8.66 	  8.41
     436 	 8.58 	  8.66 	  8.41
     437 	 8.58 	  8.65 	  8.40
     438 	 8.58 	  8.65 	  8.40
     439 	 8.57 	  8.65 	  8.40
     440 	 8.57 	  8.64 	  8.39
     441 	 8.57 	  8.64 	  8.39
     442 	 8.56 	  8.64 	  8.39
     443 	 8.56 	  8.63 	  8.38
     444 	 8.56 	  8.63 	  8.38
     445 	 8.56 	  8.63 	  8.38
     446 	 8.55 	  8.62 	  8.37
     447 	 8.55 	  8.62 	  8.37
     448 	 8.55 	  8.62 	  8.37
     449 	 8.54 	  8.62 	  8.37
     450 	 8.54 	  8.61 	  8.36
     451 	 8.54 	  8.61 	  8.36
     452 	 8.53 	  8.61 	  8.36
     453 	 8.53 	  8.60 	  8.35
     454 	 8.53 	  8.60 	  8.35
     455 	 8.52 	  8.60 	  8.35
     456 	 8.52 	  8.59 	  8.34
     457 	 8.52 	  8.59 	  8.34
     458 	 8.51 	  8.59 	  8.34
     459 	 8.51 	  8.58 	  8.33
     460 	 8.51 	  8.58 	  8.33
     461 	 8.51 	  8.58 	  8.33
     462 	 8.50 	  8.57 	  8.33
     463 	 8.50 	  8.57 	  8.32
     464 	 8.50 	  8.57 	  8.32
     465 	 8.49 	  8.56 	  8.32
     466 	 8.49 	  8.56 	  8.31
     467 	 8.49 	  8.56 	  8.31
     468 	 8.48 	  8.55 	  8.31
     469 	 8.48 	  8.55 	  8.30
     470 	 8.48 	  8.55 	  8.30
     471 	 8.48 	  8.55 	  8.30
     472 	 8.47 	  8.54 	  8.29
     473 	 8.47 	  8.54 	  8.29
     474 	 8.47 	  8.54 	  8.29
     475 	 8.46 	  8.53 	  8.29
     476 	 8.46 	  8.53 	  8.28
     477 	 8.46 	  8.53 	  8.28
     478 	 8.45 	  8.52 	  8.28
     479 	 8.45 	  8.52 	  8.27
     480 	 8.45 	  8.52 	  8.27
     481 	 8.45 	  8.51 	  8.27
     482 	 8.44 	  8.51 	  8.26
     483 	 8.44 	  8.51 	  8.26
     484 	 8.44 	  8.51 	  8.26
     485 	 8.43 	  8.50 	  8.25
     486 	 8.43 	  8.50 	  8.25
     487 	 8.43 	  8.50 	  8.25
     488 	 8.42 	  8.49 	  8.25
     489 	 8.42 	  8.49 	  8.24
     490 	 8.42 	  8.49 	  8.24
     491 	 8.42 	  8.48 	  8.24
     492 	 8.41 	  8.48 	  8.23
     493 	 8.41 	  8.48 	  8.23
     494 	 8.41 	  8.48 	  8.23
     495 	 8.40 	  8.47 	  8.22
     496 	 8.40 	  8.47 	  8.22
     497 	 8.40 	  8.47 	  8.22
     498 	 8.39 	  8.46 	  8.21
     499 	 8.39 	  8.46 	  8.21
     500 	 8.39 	  8.46 	  8.21
     501 	 8.39 	  8.45 	  8.21
     502 	 8.38 	  8.45 	  8.20
     503 	 8.38 	  8.45 	  8.20
     504 	 8.38 	  8.45 	  8.20
     505 	 8.37 	  8.44 	  8.19
     506 	 8.37 	  8.44 	  8.19
     507 	 8.37 	  8.44 	  8.19
     508 	 8.37 	  8.43 	  8.18
     509 	 8.36 	  8.43 	  8.18
     510 	 8.36 	  8.43 	  8.18
     511 	 8.36 	  8.42 	  8.18
     512 	 8.35 	  8.42 	  8.17
     513 	 8.35 	  8.42 	  8.17
     514 	 8.35 	  8.42 	  8.17
     515 	 8.35 	  8.41 	  8.16
     516 	 8.34 	  8.41 	  8.16
     517 	 8.34 	  8.41 	  8.16
     518 	 8.34 	  8.40 	  8.16
     519 	 8.33 	  8.40 	  8.15
     520 	 8.33 	  8.40 	  8.15
     521 	 8.33 	  8.40 	  8.15
     522 	 8.33 	  8.39 	  8.14
     523 	 8.32 	  8.39 	  8.14
     524 	 8.32 	  8.39 	  8.14
     525 	 8.32 	  8.38 	  8.14
     526 	 8.32 	  8.38 	  8.13
     527 	 8.31 	  8.38 	  8.13
     528 	 8.31 	  8.38 	  8.13
     529 	 8.31 	  8.37 	  8.12
     530 	 8.30 	  8.37 	  8.12
     531 	 8.30 	  8.37 	  8.12
     532 	 8.30 	  8.36 	  8.12
     533 	 8.30 	  8.36 	  8.11
     534 	 8.29 	  8.36 	  8.11
     535 	 8.29 	  8.36 	  8.11
     536 	 8.29 	  8.35 	  8.11
     537 	 8.29 	  8.35 	  8.10
     538 	 8.28 	  8.35 	  8.10
     539 	 8.28 	  8.35 	  8.10
     540 	 8.28 	  8.34 	  8.09
     541 	 8.28 	  8.34 	  8.09
     542 	 8.27 	  8.34 	  8.09
     543 	 8.27 	  8.33 	  8.09
     544 	 8.27 	  8.33 	  8.08
     545 	 8.26 	  8.33 	  8.08
     546 	 8.26 	  8.33 	  8.08
     547 	 8.26 	  8.32 	  8.08
     548 	 8.26 	  8.32 	  8.07
     549 	 8.25 	  8.32 	  8.07
     550 	 8.25 	  8.32 	  8.07
     551 	 8.25 	  8.31 	  8.06
     552 	 8.25 	  8.31 	  8.06
     553 	 8.24 	  8.31 	  8.06
     554 	 8.24 	  8.30 	  8.06
     555 	 8.24 	  8.30 	  8.05
     556 	 8.24 	  8.30 	  8.05
     557 	 8.23 	  8.30 	  8.05
     558 	 8.23 	  8.29 	  8.05
     559 	 8.23 	  8.29 	  8.04
     560 	 8.23 	  8.29 	  8.04
     561 	 8.22 	  8.29 	  8.04
     562 	 8.22 	  8.28 	  8.04
     563 	 8.22 	  8.28 	  8.03
     564 	 8.22 	  8.28 	  8.03
     565 	 8.21 	  8.28 	  8.03
     566 	 8.21 	  8.27 	  8.02
     567 	 8.21 	  8.27 	  8.02
     568 	 8.21 	  8.27 	  8.02
     569 	 8.20 	  8.27 	  8.02
     570 	 8.20 	  8.26 	  8.01
     571 	 8.20 	  8.26 	  8.01
     572 	 8.20 	  8.26 	  8.01
     573 	 8.19 	  8.25 	  8.01
     574 	 8.19 	  8.25 	  8.00
     575 	 8.19 	  8.25 	  8.00
     576 	 8.18 	  8.25 	  8.00
     577 	 8.18 	  8.24 	  8.00
     578 	 8.18 	  8.24 	  7.99
     579 	 8.18 	  8.24 	  7.99
     580 	 8.17 	  8.24 	  7.99
     581 	 8.17 	  8.23 	  7.98
     582 	 8.17 	  8.23 	  7.98
     583 	 8.17 	  8.23 	  7.98
     584 	 8.16 	  8.23 	  7.98
     585 	 8.16 	  8.22 	  7.97
     586 	 8.16 	  8.22 	  7.97
     587 	 8.16 	  8.22 	  7.97
     588 	 8.15 	  8.22 	  7.97
     589 	 8.15 	  8.21 	  7.96
     590 	 8.15 	  8.21 	  7.96
     591 	 8.15 	  8.21 	  7.96
     592 	 8.14 	  8.21 	  7.96
     593 	 8.14 	  8.20 	  7.95
     594 	 8.14 	  8.20 	  7.95
     595 	 8.14 	  8.20 	  7.95
     596 	 8.13 	  8.20 	  7.95
     597 	 8.13 	  8.19 	  7.94
     598 	 8.13 	  8.19 	  7.94
     599 	 8.13 	  8.19 	  7.94
     600 	 8.12 	  8.19 	  7.94
     601 	 8.12 	  8.18 	  7.93
     602 	 8.12 	  8.18 	  7.93
     603 	 8.12 	  8.18 	  7.93
     604 	 8.12 	  8.18 	  7.93
     605 	 8.11 	  8.17 	  7.92
     606 	 8.11 	  8.17 	  7.92
     607 	 8.11 	  8.17 	  7.92
     608 	 8.11 	  8.17 	  7.92
     609 	 8.10 	  8.16 	  7.91
     610 	 8.10 	  8.16 	  7.91
     611 	 8.10 	  8.16 	  7.91
     612 	 8.10 	  8.16 	  7.90
     613 	 8.09 	  8.15 	  7.90
     614 	 8.09 	  8.15 	  7.90
     615 	 8.09 	  8.15 	  7.90
     616 	 8.09 	  8.15 	  7.89
     617 	 8.08 	  8.14 	  7.89
     618 	 8.08 	  8.14 	  7.89
     619 	 8.08 	  8.14 	  7.89
     620 	 8.08 	  8.14 	  7.88
     621 	 8.07 	  8.13 	  7.88
     622 	 8.07 	  8.13 	  7.88
     623 	 8.07 	  8.13 	  7.88
     624 	 8.07 	  8.13 	  7.87
     625 	 8.06 	  8.12 	  7.87
     626 	 8.06 	  8.12 	  7.87
     627 	 8.06 	  8.12 	  7.87
     628 	 8.06 	  8.12 	  7.86
     629 	 8.05 	  8.11 	  7.86
     630 	 8.05 	  8.11 	  7.86
     631 	 8.05 	  8.11 	  7.86
     632 	 8.05 	  8.11 	  7.85
     633 	 8.05 	  8.10 	  7.85
     634 	 8.04 	  8.10 	  7.85
     635 	 8.04 	  8.10 	  7.85
     636 	 8.04 	  8.10 	  7.84
     637 	 8.04 	  8.09 	  7.84
     638 	 8.03 	  8.09 	  7.84
     639 	 8.03 	  8.09 	  7.84
     640 	 8.03 	  8.09 	  7.83
     641 	 8.03 	  8.08 	  7.83
     642 	 8.02 	  8.08 	  7.83
     643 	 8.02 	  8.08 	  7.83
     644 	 8.02 	  8.08 	  7.82
     645 	 8.02 	  8.07 	  7.82
     646 	 8.01 	  8.07 	  7.82
     647 	 8.01 	  8.07 	  7.82
     648 	 8.01 	  8.07 	  7.81
     649 	 8.01 	  8.07 	  7.81
     650 	 8.01 	  8.06 	  7.81
     651 	 8.00 	  8.06 	  7.81
     652 	 8.00 	  8.06 	  7.80
     653 	 8.00 	  8.06 	  7.80
     654 	 8.00 	  8.05 	  7.80
     655 	 7.99 	  8.05 	  7.80
     656 	 7.99 	  8.05 	  7.79
     657 	 7.99 	  8.05 	  7.79
     658 	 7.99 	  8.04 	  7.79
     659 	 7.98 	  8.04 	  7.79
     660 	 7.98 	  8.04 	  7.78
     661 	 7.98 	  8.04 	  7.78
     662 	 7.98 	  8.04 	  7.78
     663 	 7.98 	  8.03 	  7.78
     664 	 7.97 	  8.03 	  7.78
     665 	 7.97 	  8.03 	  7.77
     666 	 7.97 	  8.03 	  7.77
     667 	 7.97 	  8.02 	  7.77
     668 	 7.96 	  8.02 	  7.77
     669 	 7.96 	  8.02 	  7.76
     670 	 7.96 	  8.02 	  7.76
     671 	 7.96 	  8.02 	  7.76
     672 	 7.96 	  8.01 	  7.76
     673 	 7.95 	  8.01 	  7.75
     674 	 7.95 	  8.01 	  7.75
     675 	 7.95 	  8.01 	  7.75
     676 	 7.95 	  8.00 	  7.75
     677 	 7.94 	  8.00 	  7.74
     678 	 7.94 	  8.00 	  7.74
     679 	 7.94 	  8.00 	  7.74
     680 	 7.94 	  7.99 	  7.74
     681 	 7.94 	  7.99 	  7.73
     682 	 7.93 	  7.99 	  7.73
     683 	 7.93 	  7.99 	  7.73
     684 	 7.93 	  7.99 	  7.73
     685 	 7.93 	  7.98 	  7.72
     686 	 7.92 	  7.98 	  7.72
     687 	 7.92 	  7.98 	  7.72
     688 	 7.92 	  7.98 	  7.72
     689 	 7.92 	  7.97 	  7.72
     690 	 7.92 	  7.97 	  7.71
     691 	 7.91 	  7.97 	  7.71
     692 	 7.91 	  7.97 	  7.71
     693 	 7.91 	  7.97 	  7.71
     694 	 7.91 	  7.96 	  7.70
     695 	 7.90 	  7.96 	  7.70
     696 	 7.90 	  7.96 	  7.70
     697 	 7.90 	  7.96 	  7.70
     698 	 7.90 	  7.95 	  7.69
     699 	 7.90 	  7.95 	  7.69
     700 	 7.89 	  7.95 	  7.69
     701 	 7.89 	  7.95 	  7.69
     702 	 7.89 	  7.95 	  7.68
     703 	 7.89 	  7.94 	  7.68
     704 	 7.88 	  7.94 	  7.68
     705 	 7.88 	  7.94 	  7.68
     706 	 7.88 	  7.94 	  7.68
     707 	 7.88 	  7.93 	  7.67
     708 	 7.88 	  7.93 	  7.67
     709 	 7.87 	  7.93 	  7.67
     710 	 7.87 	  7.93 	  7.67
     711 	 7.87 	  7.93 	  7.66
     712 	 7.87 	  7.92 	  7.66
     713 	 7.87 	  7.92 	  7.66
     714 	 7.86 	  7.92 	  7.66
     715 	 7.86 	  7.92 	  7.65
     716 	 7.86 	  7.91 	  7.65
     717 	 7.86 	  7.91 	  7.65
     718 	 7.85 	  7.91 	  7.65
     719 	 7.85 	  7.91 	  7.64
     720 	 7.85 	  7.91 	  7.64
     721 	 7.85 	  7.90 	  7.64
     722 	 7.85 	  7.90 	  7.64
     723 	 7.84 	  7.90 	  7.64
     724 	 7.84 	  7.90 	  7.63
     725 	 7.84 	  7.89 	  7.63
     726 	 7.84 	  7.89 	  7.63
     727 	 7.84 	  7.89 	  7.63
     728 	 7.83 	  7.89 	  7.62
     729 	 7.83 	  7.89 	  7.62
     730 	 7.83 	  7.88 	  7.62
     731 	 7.83 	  7.88 	  7.62
     732 	 7.82 	  7.88 	  7.62
     733 	 7.82 	  7.88 	  7.61
     734 	 7.82 	  7.88 	  7.61
     735 	 7.82 	  7.87 	  7.61
     736 	 7.82 	  7.87 	  7.61
     737 	 7.81 	  7.87 	  7.60
     738 	 7.81 	  7.87 	  7.60
     739 	 7.81 	  7.86 	  7.60
     740 	 7.81 	  7.86 	  7.60
     741 	 7.81 	  7.86 	  7.60
     742 	 7.80 	  7.86 	  7.59
     743 	 7.80 	  7.86 	  7.59
     744 	 7.80 	  7.85 	  7.59
     745 	 7.80 	  7.85 	  7.59
     746 	 7.80 	  7.85 	  7.58
     747 	 7.79 	  7.85 	  7.58
     748 	 7.79 	  7.85 	  7.58
     749 	 7.79 	  7.84 	  7.58
     750 	 7.79 	  7.84 	  7.57
     751 	 7.79 	  7.84 	  7.57
     752 	 7.78 	  7.84 	  7.57
     753 	 7.78 	  7.84 	  7.57
     754 	 7.78 	  7.83 	  7.57
     755 	 7.78 	  7.83 	  7.56
     756 	 7.77 	  7.83 	  7.56
     757 	 7.77 	  7.83 	  7.56
     758 	 7.77 	  7.82 	  7.56
     759 	 7.77 	  7.82 	  7.56
     760 	 7.77 	  7.82 	  7.55
     761 	 7.76 	  7.82 	  7.55
     762 	 7.76 	  7.82 	  7.55
     763 	 7.76 	  7.81 	  7.55
     764 	 7.76 	  7.81 	  7.54
     765 	 7.76 	  7.81 	  7.54
     766 	 7.75 	  7.81 	  7.54
     767 	 7.75 	  7.81 	  7.54
     768 	 7.75 	  7.80 	  7.54
     769 	 7.75 	  7.80 	  7.53
     770 	 7.75 	  7.80 	  7.53
     771 	 7.74 	  7.80 	  7.53
     772 	 7.74 	  7.80 	  7.53
     773 	 7.74 	  7.79 	  7.52
     774 	 7.74 	  7.79 	  7.52
     775 	 7.74 	  7.79 	  7.52
     776 	 7.73 	  7.79 	  7.52
     777 	 7.73 	  7.79 	  7.52
     778 	 7.73 	  7.78 	  7.51
     779 	 7.73 	  7.78 	  7.51
     780 	 7.73 	  7.78 	  7.51
     781 	 7.72 	  7.78 	  7.51
     782 	 7.72 	  7.78 	  7.50
     783 	 7.72 	  7.77 	  7.50
     784 	 7.72 	  7.77 	  7.50
     785 	 7.72 	  7.77 	  7.50
     786 	 7.71 	  7.77 	  7.50
     787 	 7.71 	  7.77 	  7.49
     788 	 7.71 	  7.76 	  7.49
     789 	 7.71 	  7.76 	  7.49
     790 	 7.71 	  7.76 	  7.49
     791 	 7.70 	  7.76 	  7.49
     792 	 7.70 	  7.76 	  7.48
     793 	 7.70 	  7.75 	  7.48
     794 	 7.70 	  7.75 	  7.48
     795 	 7.70 	  7.75 	  7.48
     796 	 7.70 	  7.75 	  7.47
     797 	 7.69 	  7.75 	  7.47
     798 	 7.69 	  7.74 	  7.47
     799 	 7.69 	  7.74 	  7.47
     800 	 7.69 	  7.74 	  7.47
     801 	 7.69 	  7.74 	  7.46
     802 	 7.68 	  7.74 	  7.46
     803 	 7.68 	  7.73 	  7.46
     804 	 7.68 	  7.73 	  7.46
     805 	 7.68 	  7.73 	  7.46
     806 	 7.68 	  7.73 	  7.45
     807 	 7.67 	  7.73 	  7.45
     808 	 7.67 	  7.73 	  7.45
     809 	 7.67 	  7.72 	  7.45
     810 	 7.67 	  7.72 	  7.45
     811 	 7.67 	  7.72 	  7.44
     812 	 7.66 	  7.72 	  7.44
     813 	 7.66 	  7.72 	  7.44
     814 	 7.66 	  7.71 	  7.44
     815 	 7.66 	  7.71 	  7.43
     816 	 7.66 	  7.71 	  7.43
     817 	 7.65 	  7.71 	  7.43
     818 	 7.65 	  7.71 	  7.43
     819 	 7.65 	  7.70 	  7.43
     820 	 7.65 	  7.70 	  7.42
     821 	 7.65 	  7.70 	  7.42
     822 	 7.65 	  7.70 	  7.42
     823 	 7.64 	  7.70 	  7.42
     824 	 7.64 	  7.70 	  7.42
     825 	 7.64 	  7.69 	  7.41
     826 	 7.64 	  7.69 	  7.41
     827 	 7.64 	  7.69 	  7.41
     828 	 7.63 	  7.69 	  7.41
     829 	 7.63 	  7.69 	  7.41
     830 	 7.63 	  7.68 	  7.40
     831 	 7.63 	  7.68 	  7.40
     832 	 7.63 	  7.68 	  7.40
     833 	 7.62 	  7.68 	  7.40
     834 	 7.62 	  7.68 	  7.40
     835 	 7.62 	  7.67 	  7.39
     836 	 7.62 	  7.67 	  7.39
     837 	 7.62 	  7.67 	  7.39
     838 	 7.61 	  7.67 	  7.39
     839 	 7.61 	  7.67 	  7.39
     840 	 7.61 	  7.66 	  7.38
     841 	 7.61 	  7.66 	  7.38
     842 	 7.61 	  7.66 	  7.38
     843 	 7.61 	  7.66 	  7.38
     844 	 7.60 	  7.66 	  7.37
     845 	 7.60 	  7.66 	  7.37
     846 	 7.60 	  7.65 	  7.37
     847 	 7.60 	  7.65 	  7.37
     848 	 7.60 	  7.65 	  7.37
     849 	 7.59 	  7.65 	  7.36
     850 	 7.59 	  7.65 	  7.36
     851 	 7.59 	  7.64 	  7.36
     852 	 7.59 	  7.64 	  7.36
     853 	 7.59 	  7.64 	  7.36
     854 	 7.59 	  7.64 	  7.35
     855 	 7.58 	  7.64 	  7.35
     856 	 7.58 	  7.63 	  7.35
     857 	 7.58 	  7.63 	  7.35
     858 	 7.58 	  7.63 	  7.35
     859 	 7.58 	  7.63 	  7.34
     860 	 7.57 	  7.63 	  7.34
     861 	 7.57 	  7.63 	  7.34
     862 	 7.57 	  7.62 	  7.34
     863 	 7.57 	  7.62 	  7.34
     864 	 7.57 	  7.62 	  7.33
     865 	 7.57 	  7.62 	  7.33
     866 	 7.56 	  7.62 	  7.33
     867 	 7.56 	  7.61 	  7.33
     868 	 7.56 	  7.61 	  7.33
     869 	 7.56 	  7.61 	  7.32
     870 	 7.56 	  7.61 	  7.32
     871 	 7.55 	  7.61 	  7.32
     872 	 7.55 	  7.61 	  7.32
     873 	 7.55 	  7.60 	  7.32
     874 	 7.55 	  7.60 	  7.31
     875 	 7.55 	  7.60 	  7.31
     876 	 7.55 	  7.60 	  7.31
     877 	 7.54 	  7.60 	  7.31
     878 	 7.54 	  7.59 	  7.31
     879 	 7.54 	  7.59 	  7.30
     880 	 7.54 	  7.59 	  7.30
     881 	 7.54 	  7.59 	  7.30
     882 	 7.53 	  7.59 	  7.30
     883 	 7.53 	  7.59 	  7.30
     884 	 7.53 	  7.58 	  7.30
     885 	 7.53 	  7.58 	  7.29
     886 	 7.53 	  7.58 	  7.29
     887 	 7.53 	  7.58 	  7.29
     888 	 7.52 	  7.58 	  7.29
     889 	 7.52 	  7.58 	  7.29
     890 	 7.52 	  7.57 	  7.28
     891 	 7.52 	  7.57 	  7.28
     892 	 7.52 	  7.57 	  7.28
     893 	 7.52 	  7.57 	  7.28
     894 	 7.51 	  7.57 	  7.28
     895 	 7.51 	  7.57 	  7.27
     896 	 7.51 	  7.56 	  7.27
     897 	 7.51 	  7.56 	  7.27
     898 	 7.51 	  7.56 	  7.27
     899 	 7.50 	  7.56 	  7.27
     900 	 7.50 	  7.56 	  7.26
     901 	 7.50 	  7.55 	  7.26
     902 	 7.50 	  7.55 	  7.26
     903 	 7.50 	  7.55 	  7.26
     904 	 7.50 	  7.55 	  7.26
     905 	 7.49 	  7.55 	  7.25
     906 	 7.49 	  7.55 	  7.25
     907 	 7.49 	  7.54 	  7.25
     908 	 7.49 	  7.54 	  7.25
     909 	 7.49 	  7.54 	  7.25
     910 	 7.49 	  7.54 	  7.24
     911 	 7.48 	  7.54 	  7.24
     912 	 7.48 	  7.54 	  7.24
     913 	 7.48 	  7.53 	  7.24
     914 	 7.48 	  7.53 	  7.24
     915 	 7.48 	  7.53 	  7.24
     916 	 7.48 	  7.53 	  7.23
     917 	 7.47 	  7.53 	  7.23
     918 	 7.47 	  7.52 	  7.23
     919 	 7.47 	  7.52 	  7.23
     920 	 7.47 	  7.52 	  7.23
     921 	 7.47 	  7.52 	  7.22
     922 	 7.47 	  7.52 	  7.22
     923 	 7.46 	  7.52 	  7.22
     924 	 7.46 	  7.51 	  7.22
     925 	 7.46 	  7.51 	  7.22
     926 	 7.46 	  7.51 	  7.21
     927 	 7.46 	  7.51 	  7.21
     928 	 7.45 	  7.51 	  7.21
     929 	 7.45 	  7.51 	  7.21
     930 	 7.45 	  7.50 	  7.21
     931 	 7.45 	  7.50 	  7.20
     932 	 7.45 	  7.50 	  7.20
     933 	 7.45 	  7.50 	  7.20
     934 	 7.44 	  7.50 	  7.20
     935 	 7.44 	  7.50 	  7.20
     936 	 7.44 	  7.49 	  7.20
     937 	 7.44 	  7.49 	  7.19
     938 	 7.44 	  7.49 	  7.19
     939 	 7.44 	  7.49 	  7.19
     940 	 7.43 	  7.49 	  7.19
     941 	 7.43 	  7.49 	  7.19
     942 	 7.43 	  7.48 	  7.18
     943 	 7.43 	  7.48 	  7.18
     944 	 7.43 	  7.48 	  7.18
     945 	 7.43 	  7.48 	  7.18
     946 	 7.42 	  7.48 	  7.18
     947 	 7.42 	  7.48 	  7.17
     948 	 7.42 	  7.47 	  7.17
     949 	 7.42 	  7.47 	  7.17
     950 	 7.42 	  7.47 	  7.17
     951 	 7.42 	  7.47 	  7.17
     952 	 7.41 	  7.47 	  7.17
     953 	 7.41 	  7.47 	  7.16
     954 	 7.41 	  7.46 	  7.16
     955 	 7.41 	  7.46 	  7.16
     956 	 7.41 	  7.46 	  7.16
     957 	 7.41 	  7.46 	  7.16
     958 	 7.40 	  7.46 	  7.15
     959 	 7.40 	  7.46 	  7.15
     960 	 7.40 	  7.45 	  7.15
     961 	 7.40 	  7.45 	  7.15
     962 	 7.40 	  7.45 	  7.15
     963 	 7.40 	  7.45 	  7.15
     964 	 7.40 	  7.45 	  7.14
     965 	 7.39 	  7.45 	  7.14
     966 	 7.39 	  7.44 	  7.14
     967 	 7.39 	  7.44 	  7.14
     968 	 7.39 	  7.44 	  7.14
     969 	 7.39 	  7.44 	  7.13
     970 	 7.39 	  7.44 	  7.13
     971 	 7.38 	  7.44 	  7.13
     972 	 7.38 	  7.43 	  7.13
     973 	 7.38 	  7.43 	  7.13
     974 	 7.38 	  7.43 	  7.13
     975 	 7.38 	  7.43 	  7.12
     976 	 7.38 	  7.43 	  7.12
     977 	 7.37 	  7.43 	  7.12
     978 	 7.37 	  7.42 	  7.12
     979 	 7.37 	  7.42 	  7.12
     980 	 7.37 	  7.42 	  7.11
     981 	 7.37 	  7.42 	  7.11
     982 	 7.37 	  7.42 	  7.11
     983 	 7.36 	  7.42 	  7.11
     984 	 7.36 	  7.41 	  7.11
     985 	 7.36 	  7.41 	  7.11
     986 	 7.36 	  7.41 	  7.10
     987 	 7.36 	  7.41 	  7.10
     988 	 7.36 	  7.41 	  7.10
     989 	 7.35 	  7.41 	  7.10
     990 	 7.35 	  7.40 	  7.10
     991 	 7.35 	  7.40 	  7.09
     992 	 7.35 	  7.40 	  7.09
     993 	 7.35 	  7.40 	  7.09
     994 	 7.35 	  7.40 	  7.09
     995 	 7.35 	  7.40 	  7.09
     996 	 7.34 	  7.39 	  7.09
     997 	 7.34 	  7.39 	  7.08
     998 	 7.34 	  7.39 	  7.08
     999 	 7.34 	  7.39 	  7.08
    1000 	 7.34 	  7.39 	  7.08